#HALO
1|0|8|6|1|u|0|_|a|8|6|1
1|0|3|0|2|u|0|_|a|3|0|2
1|0|2|1|5|u|0|_|a|2|1|5
1|0|1|7|3|u|0|_|a|1|7|3
1|0|3|0|9|u|0|_|a|3|0|9
ــــــــــــــــــ
1|0|2|5|5|u|0|_|a|2|5|5
1|2|3|9|9|u|0|_|a|2|3|9|9
1|0|2|7|9|u|0|_|a|2|7|9
1|2|3|9|9|u|0|_|a|2|3|9|9
1|0|2|7|8|u|0|_|a|2|7|8
1|1|0|7|0|u|0|_|a|1|0|7|0
1|0|3|0|4|u|0|_|a|3|0|4
1|1|1|5|2|u|0|_|a|1|1|5|2
1|0|7|9|9|u|0|_|a|7|9|9
1|0|8|8|8|u|0|_|a|8|8|8
1|1|4|9|2|u|0|_|a|1|4|9|2
1|0|2|7|8|u|0|_|a|2|7|8
1|0|2|8|0|u|0|_|a|2|8|0
1|0|2|0|0|u|0|_|a|2|0|0
1|0|5|0|6|u|0|_|a|5|0|6
1|0|3|2|5|u|0|_|a|3|2|5
1|0|9|0|8|u|0|_|a|9|0|8
1|0|3|2|9|u|0|_|a|3|2|9
1|0|4|6|1|u|0|_|a|4|6|1
1|0|4|8|8|u|0|_|a|4|8|8
1|0|6|5|3|u|0|_|a|6|5|3
