نن1|0|2|7|2|u|0|_|a|2|7|2
1|0|8|1|0|u|0|_|a|8|1|0
HALO
1|0|2|6|2|u|0|_|a|2|6|2
akam
1|0|3|0|3|u|0|_|a|3|0|3
ismahil
1|0|2|6|7|u|0|_|a|2|6|7
1|0|2|5|1|u|0|_|a|2|5|1
1|0|8|3|5|u|0|_|a|8|3|5
1|0|3|0|4|u|0|_|a|3|0|4
1|0|2|8|8|u|0|_|a|2|8|8
1|0|2|2|7|u|0|_|a|2|2|7
1|0|3|2|9|u|0|_|a|3|2|9
1|0|3|3|5|u|0|_|a|3|3|5
1|0|2|1|9|u|0|_|a|2|1|9
1|1|2|6|3|u|0|_|a|1|2|6|3
1|0|2|1|7|u|0|_|a|2|1|7
1|0|3|3|4|u|0|_|a|3|3|4
1|0|2|9|9|u|0|_|a|2|9|9
1|0|2|7|0|u|0|_|a|2|7|0
1|0|2|5|3|u|0|_|a|2|5|3
1|0|8|4|9|u|0|_|a|8|4|9
1|0|2|6|4|u|0|_|a|2|6|4
1|0|2|5|0|u|0|_|a|2|5|0
1|0|5|6|4|u|0|_|a|5|6|4
1|0|2|8|4|u|0|_|a|2|8|4
1|0|3|5|5|u|0|_|a|3|5|5
sma swk
1|0|3|6|6|u|0|_|a|3|6|6
1|0|3|1|8|u|0|_|a|3|1|8
